[52548.0, 39.4500783, -105.1327892, 1762.02, 1.0, 3.0, 7.2, -20.7]
[52549.0, 39.4500714, -105.13278829999999, 1762.08, 1.0, 3.0, 7.2, -20.7]
[52550.0, 39.4500642, -105.1327874, 1762.13, 1.0, 3.0, 7.2, -20.7]
[52551.0, 39.4500572, -105.1327867, 1762.19, 1.0, 3.0, 7.2, -20.7]
[52552.0, 39.4500496, -105.13278580000001, 1762.25, 1.0, 3.0, 7.2, -20.7]
[52553.0, 39.4500426, -105.1327851, 1762.3, 1.0, 3.0, 7.2, -20.7]
[52554.0, 39.450041, -105.1327846, 1762.33, 1.0, 3.0, 7.2, -20.7]
[52555.0, 39.4500405, -105.1327842, 1762.34, 1.0, 3.0, 7.2, -20.7]
[52556.0, 39.4500412, -105.1327836, 1762.34, 1.0, 3.0, 7.2, -20.7]
[52557.0, 39.4500435, -105.132783, 1762.33, 1.0, 3.0, 7.2, -20.7]
[52558.0, 39.4500461, -105.1327824, 1762.31, 1.0, 3.0, 7.2, -20.7]
[52559.0, 39.4500466, -105.13278179999999, 1762.31, 1.0, 3.0, 7.2, -20.7]
[52600.0, 39.450048, -105.1327813, 1762.31, 1.0, 3.0, 7.2, -20.7]
[52601.0, 39.450049, -105.1327809, 1762.32, 1.0, 3.0, 7.2, -20.7]
[52602.0, 39.4500505, -105.13278039999999, 1762.32, 1.0, 3.0, 7.2, -20.7]
[52603.0, 39.450051699999996, -105.1327803, 1762.33, 1.0, 3.0, 7.2, -20.7]
[52604.0, 39.4500503, -105.13277980000001, 1762.34, 1.0, 3.0, 7.2, -20.7]
[52605.0, 39.4500477, -105.1327795, 1762.36, 1.0, 3.0, 7.2, -20.7]
[52606.0, 39.4500448, -105.1327792, 1762.38, 1.0, 3.0, 7.2, -20.7]
[52607.0, 39.4500407, -105.13277899999999, 1762.41, 1.0, 3.0, 7.2, -20.7]
[52608.0, 39.4500398, -105.1327788, 1762.43, 1.0, 3.0, 7.2, -20.7]
[52609.0, 39.4500426, -105.13277899999999, 1762.44, 1.0, 3.0, 7.2, -20.7]
[52610.0, 39.4500465, -105.1327792, 1762.43, 1.0, 3.0, 7.1, -20.7]
[52611.0, 39.4500525, -105.1327794, 1762.41, 1.0, 3.0, 7.1, -20.7]
[52612.0, 39.4500565, -105.1327793, 1762.4, 1.0, 3.0, 7.1, -20.7]
[52613.0, 39.4500603, -105.13277910000001, 1762.38, 1.0, 3.0, 7.1, -20.7]
[52614.0, 39.4500644, -105.1327792, 1762.37, 1.0, 3.0, 7.1, -20.7]
[52615.0, 39.450069, -105.1327792, 1762.36, 1.0, 3.0, 7.1, -20.7]
[52616.0, 39.4500733, -105.1327793, 1762.34, 1.0, 3.0, 7.1, -20.7]
[52617.0, 39.4500781, -105.1327795, 1762.33, 1.0, 3.0, 7.1, -20.7]
[52618.0, 39.4500813, -105.1327802, 1762.32, 1.0, 3.0, 7.1, -20.7]
[52619.0, 39.4500856, -105.132781, 1762.31, 1.0, 3.0, 7.1, -20.7]
[52620.0, 39.450090700000004, -105.13278150000001, 1762.3, 1.0, 3.0, 7.1, -20.7]
[52621.0, 39.4500954, -105.1327824, 1762.28, 1.0, 3.0, 7.1, -20.7]
[52622.0, 39.4501001, -105.13278319999999, 1762.27, 1.0, 3.0, 7.1, -20.7]
[52623.0, 39.4501055, -105.13278389999999, 1762.26, 1.0, 3.0, 7.1, -20.7]
[52624.0, 39.4501153, -105.132785, 1762.23, 1.0, 3.0, 7.1, -20.7]
[52625.0, 39.4501214, -105.132786, 1762.22, 1.0, 3.0, 7.1, -20.7]
[52626.0, 39.4501278, -105.1327867, 1762.2, 1.0, 3.0, 7.1, -20.7]
[52627.0, 39.4501344, -105.13278770000001, 1762.19, 1.0, 3.0, 7.1, -20.7]
[52628.0, 39.4501403, -105.1327888, 1762.18, 1.0, 3.0, 7.1, -20.7]
[52629.0, 39.4501447, -105.1327898, 1762.17, 1.0, 3.0, 7.1, -20.7]
[52630.0, 39.4501537, -105.13279200000001, 1762.15, 1.0, 3.0, 7.1, -20.7]
[52631.0, 39.4501591, -105.1327932, 1762.15, 1.0, 3.0, 7.1, -20.7]
[52632.0, 39.4501681, -105.1327953, 1762.13, 1.0, 3.0, 7.1, -20.7]
[52633.0, 39.450176, -105.13279759999999, 1762.13, 1.0, 3.0, 7.1, -20.7]
[52634.0, 39.4501796, -105.1327989, 1762.12, 1.0, 3.0, 7.1, -20.7]
[52635.0, 39.450182, -105.13279979999999, 1762.12, 1.0, 3.0, 7.1, -20.7]
[52636.0, 39.4501877, -105.13280160000001, 1762.12, 1.0, 3.0, 7.1, -20.7]
[52637.0, 39.450192799999996, -105.13280350000001, 1762.12, 1.0, 3.0, 7.1, -20.7]
[52638.0, 39.4501986, -105.13280549999999, 1762.12, 1.0, 3.0, 7.1, -20.7]
[52639.0, 39.450201, -105.1328065, 1762.12, 1.0, 3.0, 7.1, -20.7]
[52640.0, 39.4502044, -105.1328078, 1762.12, 1.0, 3.0, 7.1, -20.7]
[52641.0, 39.4502076, -105.1328085, 1762.13, 1.0, 3.0, 7.1, -20.7]
[52642.0, 39.4502114, -105.1328093, 1762.13, 1.0, 3.0, 7.1, -20.7]
[52643.0, 39.4502149, -105.1328099, 1762.12, 1.0, 3.0, 7.1, -20.7]
[52644.0, 39.450219499999996, -105.13281090000001, 1762.12, 1.0, 3.0, 7.1, -20.7]
[52645.0, 39.4502252, -105.1328124, 1762.11, 1.0, 3.0, 7.1, -20.7]
[52646.0, 39.4502321, -105.1328137, 1762.11, 1.0, 3.0, 7.1, -20.7]
[52647.0, 39.4502391, -105.1328151, 1762.1, 1.0, 3.0, 7.1, -20.7]
[52648.0, 39.4502506, -105.1328182, 1762.09, 1.0, 3.0, 7.1, -20.7]
[52649.0, 39.4502613, -105.1328208, 1762.09, 1.0, 3.0, 7.1, -20.7]
[52650.0, 39.4502708, -105.1328232, 1762.08, 1.0, 3.0, 7.1, -20.7]
[52651.0, 39.4502782, -105.1328254, 1762.08, 1.0, 3.0, 7.1, -20.7]
[52652.0, 39.450282699999995, -105.1328273, 1762.08, 1.0, 3.0, 7.0, -20.7]
[52653.0, 39.4502871, -105.1328286, 1762.08, 1.0, 3.0, 7.0, -20.7]
[52654.0, 39.450290599999995, -105.13283, 1762.08, 1.0, 3.0, 7.0, -20.7]
[52655.0, 39.450292399999995, -105.1328312, 1762.09, 1.0, 3.0, 7.0, -20.7]
[52656.0, 39.4502945, -105.1328321, 1762.09, 1.0, 3.0, 7.0, -20.7]
[52657.0, 39.4502979, -105.1328328, 1762.09, 1.0, 3.0, 7.0, -20.7]
[52658.0, 39.4503033, -105.13283380000001, 1762.09, 1.0, 3.0, 7.0, -20.7]
[52659.0, 39.4503091, -105.1328345, 1762.08, 1.0, 3.0, 7.0, -20.7]
[52700.0, 39.4503176, -105.1328355, 1762.08, 1.0, 3.0, 7.0, -20.7]
[52701.0, 39.450323499999996, -105.1328365, 1762.07, 1.0, 3.0, 7.0, -20.7]
[52702.0, 39.450327900000005, -105.13283740000001, 1762.07, 1.0, 3.0, 7.0, -20.7]
[52703.0, 39.450331299999995, -105.13283810000001, 1762.07, 1.0, 3.0, 7.0, -20.7]
[52704.0, 39.4503334, -105.13283849999999, 1762.07, 1.0, 3.0, 7.0, -20.7]
[52705.0, 39.4503354, -105.13283890000001, 1762.07, 1.0, 3.0, 7.0, -20.7]
[52706.0, 39.4503361, -105.13283890000001, 1762.07, 1.0, 3.0, 7.0, -20.7]
[52707.0, 39.4503366, -105.1328388, 1762.07, 1.0, 3.0, 7.0, -20.7]
[52708.0, 39.4503368, -105.13283890000001, 1762.07, 1.0, 3.0, 7.0, -20.7]
[52709.0, 39.450333900000004, -105.132839, 1762.07, 1.0, 3.0, 7.0, -20.7]
[52710.0, 39.4503303, -105.1328391, 1762.08, 1.0, 3.0, 7.0, -20.7]
[52711.0, 39.4503208, -105.1328388, 1762.09, 1.0, 3.0, 7.0, -20.7]
[52712.0, 39.4503151, -105.1328384, 1762.1, 1.0, 3.0, 7.0, -20.7]
[52713.0, 39.4503124, -105.13283810000001, 1762.1, 1.0, 3.0, 7.0, -20.7]
[52714.0, 39.4503101, -105.1328378, 1762.11, 1.0, 3.0, 7.0, -20.7]
[52715.0, 39.4503109, -105.1328377, 1762.11, 1.0, 3.0, 7.0, -20.7]
[52716.0, 39.4503135, -105.13283750000001, 1762.11, 1.0, 3.0, 7.0, -20.7]
[52717.0, 39.4503172, -105.1328376, 1762.11, 1.0, 3.0, 7.0, -20.7]
[52718.0, 39.4503201, -105.13283750000001, 1762.11, 1.0, 3.0, 7.0, -20.7]
[52719.0, 39.450321699999996, -105.13283729999999, 1762.11, 1.0, 3.0, 7.0, -20.7]
[52720.0, 39.4503222, -105.132837, 1762.11, 1.0, 3.0, 7.0, -20.7]
[52721.0, 39.450321800000005, -105.1328363, 1762.11, 1.0, 3.0, 7.0, -20.7]
[52722.0, 39.4503206, -105.13283589999999, 1762.11, 1.0, 3.0, 7.0, -20.7]
[52723.0, 39.4503189, -105.1328355, 1762.11, 1.0, 3.0, 7.0, -20.7]
[52724.0, 39.4503162, -105.13283530000001, 1762.12, 1.0, 3.0, 7.0, -20.7]
[52725.0, 39.4503103, -105.1328348, 1762.12, 1.0, 3.0, 7.0, -20.7]
[52726.0, 39.4502971, -105.1328348, 1762.13, 1.0, 3.0, 7.0, -20.7]
[52727.0, 39.4502874, -105.13283460000001, 1762.14, 1.0, 3.0, 7.0, -20.7]
[52728.0, 39.4502777, -105.13283460000001, 1762.14, 1.0, 3.0, 7.0, -20.7]
[52729.0, 39.4502752, -105.13283489999999, 1762.15, 1.0, 3.0, 7.0, -20.7]
[52730.0, 39.450274300000004, -105.13283489999999, 1762.15, 1.0, 3.0, 7.0, -20.7]
[52731.0, 39.4502753, -105.132835, 1762.15, 1.0, 3.0, 7.0, -20.7]
[52732.0, 39.450278600000004, -105.13283530000001, 1762.15, 1.0, 3.0, 7.0, -20.7]
[52733.0, 39.450282200000004, -105.1328355, 1762.15, 1.0, 3.0, 7.0, -20.7]
[52734.0, 39.4502839, -105.13283530000001, 1762.15, 1.0, 3.0, 7.0, -20.7]
[52735.0, 39.4502842, -105.1328354, 1762.15, 1.0, 3.0, 7.0, -20.7]
[52736.0, 39.450284499999995, -105.13283530000001, 1762.15, 1.0, 3.0, 7.0, -20.7]
[52737.0, 39.4502841, -105.1328351, 1762.15, 1.0, 3.0, 6.9, -20.7]
[52738.0, 39.4502836, -105.13283489999999, 1762.15, 1.0, 3.0, 6.9, -20.7]
[52739.0, 39.4502858, -105.1328343, 1762.14, 1.0, 3.0, 6.9, -20.7]
[52740.0, 39.4502899, -105.1328343, 1762.14, 1.0, 3.0, 6.9, -20.7]
[52741.0, 39.4502964, -105.1328341, 1762.14, 1.0, 3.0, 6.9, -20.7]
[52742.0, 39.4503142, -105.132834, 1762.14, 1.0, 3.0, 6.9, -20.7]
[52743.0, 39.450333300000004, -105.132834, 1762.13, 1.0, 3.0, 6.9, -20.7]
[52744.0, 39.4503543, -105.13283419999999, 1762.12, 1.0, 3.0, 6.9, -20.7]
[52745.0, 39.4503774, -105.13283460000001, 1762.12, 1.0, 3.0, 6.9, -20.7]
[52746.0, 39.4504022, -105.13283530000001, 1762.11, 1.0, 3.0, 6.9, -20.7]
[52747.0, 39.4504279, -105.13283589999999, 1762.11, 1.0, 3.0, 6.9, -20.7]
[52748.0, 39.4504535, -105.1328369, 1762.1, 1.0, 3.0, 6.9, -20.7]
[52749.0, 39.4504656, -105.13283750000001, 1762.1, 1.0, 3.0, 6.9, -20.7]
[52750.0, 39.4504784, -105.1328383, 1762.1, 1.0, 3.0, 6.9, -20.7]
[52751.0, 39.4504917, -105.1328393, 1762.1, 1.0, 3.0, 6.9, -20.7]
[52752.0, 39.450505199999995, -105.1328404, 1762.1, 1.0, 3.0, 6.9, -20.7]
[52753.0, 39.4505176, -105.13284110000001, 1762.1, 1.0, 3.0, 6.9, -20.7]
[52754.0, 39.4505258, -105.13284170000001, 1762.1, 1.0, 3.0, 6.9, -20.7]
[52755.0, 39.4505339, -105.1328419, 1762.1, 1.0, 3.0, 6.9, -20.7]
[52756.0, 39.4505369, -105.13284159999999, 1762.1, 1.0, 3.0, 6.9, -20.7]
[52757.0, 39.4505373, -105.13284110000001, 1762.1, 1.0, 3.0, 6.9, -20.7]
[52758.0, 39.4506942, -105.1328523, 1766.93, 1.0, 4.0, 2.3, -20.7]
[52759.0, 39.4507211, -105.13285400000001, 1767.88, 1.0, 4.0, 2.3, -20.7]
[52800.0, 39.4507337, -105.13285470000001, 1768.3, 1.0, 4.0, 2.3, -20.7]
[52801.0, 39.4507449, -105.13285540000001, 1768.66, 1.0, 4.0, 2.3, -20.7]
[52802.0, 39.4507458, -105.1328552, 1768.67, 1.0, 3.0, 6.9, -20.7]
[52803.0, 39.4507454, -105.1328551, 1768.67, 1.0, 3.0, 6.9, -20.7]
[52804.0, 39.4507471, -105.132855, 1768.66, 1.0, 3.0, 6.9, -20.7]
[52805.0, 39.4507483, -105.132855, 1768.65, 1.0, 3.0, 6.9, -20.7]
[52806.0, 39.4507503, -105.1328548, 1768.63, 1.0, 3.0, 6.9, -20.7]
[52807.0, 39.450752, -105.1328551, 1768.62, 1.0, 3.0, 6.9, -20.7]
[52808.0, 39.4507541, -105.1328555, 1768.61, 1.0, 3.0, 6.9, -20.7]
[52809.0, 39.450756, -105.13285540000001, 1768.6, 1.0, 3.0, 6.9, -20.7]
[52810.0, 39.4507568, -105.13285529999999, 1768.6, 1.0, 3.0, 6.9, -20.7]
[52811.0, 39.4507562, -105.1328552, 1768.6, 1.0, 3.0, 6.9, -20.7]
[52812.0, 39.450752900000005, -105.13285470000001, 1768.61, 1.0, 3.0, 6.9, -20.7]
[52813.0, 39.450749300000005, -105.13285389999999, 1768.62, 1.0, 3.0, 6.9, -20.7]
[52814.0, 39.4507471, -105.1328537, 1768.63, 1.0, 3.0, 6.9, -20.7]
[52815.0, 39.450742, -105.1328523, 1768.65, 1.0, 3.0, 6.9, -20.7]
[52816.0, 39.4507375, -105.13285110000001, 1768.67, 1.0, 3.0, 6.9, -20.7]
[52817.0, 39.4507372, -105.1328508, 1768.67, 1.0, 3.0, 6.9, -20.7]
[52818.0, 39.450733, -105.13284949999999, 1768.69, 1.0, 3.0, 6.9, -20.7]
[52819.0, 39.4507285, -105.1328483, 1768.7, 1.0, 3.0, 6.9, -20.7]
[52820.0, 39.450725000000006, -105.13284680000001, 1768.71, 1.0, 3.0, 6.9, -20.7]
[52821.0, 39.4507227, -105.1328457, 1768.71, 1.0, 3.0, 6.9, -20.7]
[52822.0, 39.4507202, -105.1328444, 1768.71, 1.0, 3.0, 6.8, -20.7]
[52823.0, 39.4507185, -105.13284309999999, 1768.72, 1.0, 3.0, 6.8, -20.7]
[52824.0, 39.450716400000005, -105.1328419, 1768.73, 1.0, 3.0, 6.8, -20.7]
[52825.0, 39.4507135, -105.1328406, 1768.74, 1.0, 3.0, 6.8, -20.7]
[52826.0, 39.450711, -105.13283960000001, 1768.75, 1.0, 3.0, 6.8, -20.7]
[52827.0, 39.450710199999996, -105.1328391, 1768.76, 1.0, 3.0, 6.8, -20.7]
[52828.0, 39.4507096, -105.1328384, 1768.76, 1.0, 3.0, 6.8, -20.7]
[52829.0, 39.4507093, -105.1328379, 1768.76, 1.0, 3.0, 6.8, -20.7]
[52830.0, 39.4507086, -105.13283740000001, 1768.77, 1.0, 3.0, 6.8, -20.7]
[52831.0, 39.450711, -105.1328371, 1768.76, 1.0, 3.0, 6.8, -20.7]
[52832.0, 39.450713300000004, -105.13283670000001, 1768.76, 1.0, 3.0, 6.8, -20.7]
[52833.0, 39.4507161, -105.1328362, 1768.76, 1.0, 3.0, 6.8, -20.7]
[52834.0, 39.4507198, -105.1328361, 1768.75, 1.0, 3.0, 6.8, -20.7]
[52835.0, 39.4507245, -105.13283589999999, 1768.73, 1.0, 3.0, 6.8, -20.7]
[52836.0, 39.4507315, -105.1328357, 1768.71, 1.0, 3.0, 6.8, -20.7]
[52837.0, 39.4507361, -105.1328354, 1768.7, 1.0, 3.0, 6.8, -20.7]
[52838.0, 39.4507413, -105.13283530000001, 1768.69, 1.0, 3.0, 6.8, -20.7]
[52839.0, 39.4507482, -105.13283530000001, 1768.67, 1.0, 3.0, 6.8, -20.7]
[52840.0, 39.4507542, -105.13283589999999, 1768.66, 1.0, 3.0, 6.8, -20.7]
[52841.0, 39.4507581, -105.13283589999999, 1768.65, 1.0, 3.0, 6.8, -20.7]
[52842.0, 39.4507608, -105.13283589999999, 1768.65, 1.0, 3.0, 6.8, -20.7]
[52843.0, 39.450765000000004, -105.13283659999999, 1768.64, 1.0, 3.0, 6.8, -20.7]
[52844.0, 39.4507677, -105.1328368, 1768.64, 1.0, 3.0, 6.8, -20.7]
[52845.0, 39.4507721, -105.1328372, 1768.63, 1.0, 3.0, 6.8, -20.7]
[52846.0, 39.4507763, -105.13283729999999, 1768.62, 1.0, 3.0, 6.8, -20.7]
[52847.0, 39.4507804, -105.132837, 1768.61, 1.0, 3.0, 6.8, -20.7]
[52848.0, 39.450784399999996, -105.1328369, 1768.6, 1.0, 3.0, 6.8, -20.7]
[52849.0, 39.4507894, -105.1328368, 1768.59, 1.0, 3.0, 6.8, -20.7]
[52850.0, 39.450795400000004, -105.1328369, 1768.58, 1.0, 3.0, 6.8, -20.7]
[52851.0, 39.4508017, -105.13283729999999, 1768.56, 1.0, 3.0, 6.8, -20.7]
[52852.0, 39.4508083, -105.1328378, 1768.55, 1.0, 3.0, 6.8, -20.7]
[52853.0, 39.4508156, -105.1328383, 1768.54, 1.0, 3.0, 6.8, -20.7]
[52854.0, 39.450821, -105.13283890000001, 1768.53, 1.0, 3.0, 6.8, -20.7]
[52855.0, 39.4508268, -105.13283949999999, 1768.52, 1.0, 3.0, 6.8, -20.7]
[52856.0, 39.450832, -105.13284019999999, 1768.52, 1.0, 3.0, 6.8, -20.7]
[52857.0, 39.4508356, -105.1328406, 1768.51, 1.0, 3.0, 6.8, -20.7]
[52858.0, 39.4508392, -105.1328408, 1768.51, 1.0, 3.0, 6.8, -20.7]
[52859.0, 39.4508421, -105.13284110000001, 1768.5, 1.0, 3.0, 6.8, -20.7]
[52900.0, 39.4508448, -105.13284110000001, 1768.5, 1.0, 3.0, 6.8, -20.7]
[52901.0, 39.4508482, -105.13284110000001, 1768.49, 1.0, 3.0, 6.8, -20.7]
[52902.0, 39.4508505, -105.1328412, 1768.49, 1.0, 3.0, 6.8, -20.7]
[52903.0, 39.4508522, -105.13284110000001, 1768.49, 1.0, 3.0, 6.8, -20.7]
[52904.0, 39.4508542, -105.13284089999999, 1768.49, 1.0, 3.0, 6.8, -20.7]
[52905.0, 39.450856, -105.13284030000001, 1768.49, 1.0, 3.0, 6.8, -20.7]
[52906.0, 39.4508579, -105.13284, 1768.49, 1.0, 3.0, 6.8, -20.7]
[52907.0, 39.4508603, -105.1328393, 1768.48, 1.0, 3.0, 6.8, -20.7]
[52908.0, 39.450864, -105.1328387, 1768.48, 1.0, 3.0, 6.8, -20.7]
[52909.0, 39.4508684, -105.1328376, 1768.48, 1.0, 3.0, 6.7, -20.7]
[52910.0, 39.4508721, -105.1328368, 1768.47, 1.0, 3.0, 6.7, -20.7]
[52911.0, 39.4508735, -105.13283589999999, 1768.47, 1.0, 3.0, 6.7, -20.7]
[52912.0, 39.4508738, -105.1328351, 1768.47, 1.0, 3.0, 6.7, -20.7]
[52913.0, 39.4508743, -105.13283380000001, 1768.47, 1.0, 3.0, 6.7, -20.7]
[52914.0, 39.4508745, -105.13283240000001, 1768.47, 1.0, 3.0, 6.7, -20.7]
[52915.0, 39.450873900000005, -105.1328311, 1768.47, 1.0, 3.0, 6.7, -20.7]
[52916.0, 39.4508741, -105.1328305, 1768.47, 1.0, 3.0, 6.7, -20.7]
[52917.0, 39.450873200000004, -105.1328297, 1768.47, 1.0, 3.0, 6.7, -20.7]
[52918.0, 39.450872, -105.13282880000001, 1768.47, 1.0, 3.0, 6.7, -20.7]
[52919.0, 39.450869600000004, -105.132828, 1768.48, 1.0, 3.0, 6.7, -20.7]
[52920.0, 39.4508679, -105.1328275, 1768.48, 1.0, 3.0, 6.7, -20.7]
[52921.0, 39.450866, -105.13282670000001, 1768.48, 1.0, 3.0, 6.7, -20.7]
[52922.0, 39.4508639, -105.1328259, 1768.48, 1.0, 3.0, 6.7, -20.7]
[52923.0, 39.4508617, -105.13282509999999, 1768.48, 1.0, 3.0, 6.7, -20.7]
[52924.0, 39.4508605, -105.1328243, 1768.47, 1.0, 3.0, 6.7, -20.7]
[52925.0, 39.4508595, -105.1328239, 1768.47, 1.0, 3.0, 6.7, -20.7]
[52926.0, 39.4508582, -105.1328236, 1768.47, 1.0, 3.0, 6.7, -20.7]
[52927.0, 39.4508558, -105.13282339999999, 1768.47, 1.0, 3.0, 6.7, -20.7]
[52928.0, 39.4508523, -105.1328233, 1768.47, 1.0, 3.0, 6.7, -20.7]
[52929.0, 39.4508493, -105.13282339999999, 1768.47, 1.0, 3.0, 6.7, -20.7]
[52930.0, 39.4508468, -105.1328236, 1768.48, 1.0, 3.0, 6.7, -20.7]
[52931.0, 39.4508444, -105.13282380000001, 1768.48, 1.0, 3.0, 6.7, -20.7]
[52932.0, 39.4508425, -105.1328244, 1768.49, 1.0, 3.0, 6.7, -20.7]
[52933.0, 39.450840899999996, -105.132825, 1768.49, 1.0, 3.0, 6.7, -20.7]
[52934.0, 39.4508371, -105.1328255, 1768.5, 1.0, 3.0, 6.7, -20.7]
[52935.0, 39.4508346, -105.13282600000001, 1768.5, 1.0, 3.0, 6.7, -20.7]
[52936.0, 39.450831, -105.13282629999999, 1768.51, 1.0, 3.0, 6.7, -20.7]
[52937.0, 39.4508278, -105.1328268, 1768.51, 1.0, 3.0, 6.7, -20.7]
[52938.0, 39.4508257, -105.1328273, 1768.52, 1.0, 3.0, 6.7, -20.7]
[52939.0, 39.4508252, -105.1328279, 1768.52, 1.0, 3.0, 6.7, -20.7]
[52940.0, 39.4508242, -105.1328286, 1768.52, 1.0, 3.0, 6.7, -20.7]
[52941.0, 39.450822699999996, -105.132829, 1768.53, 1.0, 3.0, 6.7, -20.7]
[52942.0, 39.4508208, -105.13282950000001, 1768.53, 1.0, 3.0, 6.7, -20.7]
[52943.0, 39.4508178, -105.1328298, 1768.54, 1.0, 3.0, 6.7, -20.7]
[52944.0, 39.4508155, -105.13283, 1768.54, 1.0, 3.0, 6.7, -20.7]
[52945.0, 39.4508132, -105.13283009999999, 1768.54, 1.0, 3.0, 6.7, -20.7]
[52946.0, 39.4508113, -105.1328302, 1768.54, 1.0, 3.0, 6.7, -20.7]
[52947.0, 39.4508098, -105.1328302, 1768.54, 1.0, 3.0, 6.7, -20.7]
[52948.0, 39.450807, -105.13282989999999, 1768.54, 1.0, 3.0, 6.7, -20.7]
[52949.0, 39.450806, -105.13282989999999, 1768.54, 1.0, 3.0, 6.7, -20.7]
[52950.0, 39.4508049, -105.13282989999999, 1768.54, 1.0, 3.0, 6.7, -20.7]
[52951.0, 39.4508041, -105.13283, 1768.54, 1.0, 3.0, 6.7, -20.7]
[52952.0, 39.4508029, -105.13283009999999, 1768.54, 1.0, 3.0, 6.7, -20.7]
[52953.0, 39.450801999999996, -105.13283009999999, 1768.54, 1.0, 3.0, 6.7, -20.7]
[52954.0, 39.4508014, -105.1328302, 1768.54, 1.0, 3.0, 6.7, -20.7]
[52955.0, 39.4508004, -105.1328302, 1768.54, 1.0, 3.0, 6.7, -20.7]
[52956.0, 39.4507992, -105.13283030000001, 1768.54, 1.0, 3.0, 6.7, -20.7]
[52957.0, 39.450797800000004, -105.1328304, 1768.54, 1.0, 3.0, 6.7, -20.7]
[52958.0, 39.4507955, -105.1328302, 1768.54, 1.0, 3.0, 6.6, -20.7]
[52959.0, 39.4507942, -105.1328302, 1768.55, 1.0, 3.0, 6.6, -20.7]
[53000.0, 39.4507939, -105.13283030000001, 1768.55, 1.0, 3.0, 6.6, -20.7]
[53001.0, 39.4507948, -105.1328305, 1768.55, 1.0, 3.0, 6.6, -20.7]
[53002.0, 39.450796, -105.13283059999999, 1768.55, 1.0, 3.0, 6.6, -20.7]
[53003.0, 39.4507991, -105.1328309, 1768.55, 1.0, 3.0, 6.6, -20.7]
[53004.0, 39.4508026, -105.1328312, 1768.55, 1.0, 3.0, 6.6, -20.7]
[53005.0, 39.450805, -105.1328315, 1768.55, 1.0, 3.0, 6.6, -20.7]
[53006.0, 39.450808099999996, -105.1328319, 1768.56, 1.0, 3.0, 6.6, -20.7]
[53007.0, 39.4508112, -105.1328322, 1768.56, 1.0, 3.0, 6.6, -20.7]
[53008.0, 39.4508151, -105.1328326, 1768.56, 1.0, 3.0, 6.6, -20.7]
[53009.0, 39.4508173, -105.1328327, 1768.56, 1.0, 3.0, 6.6, -20.7]
[53010.0, 39.4508198, -105.1328329, 1768.56, 1.0, 3.0, 6.6, -20.7]
[53011.0, 39.4508213, -105.13283299999999, 1768.57, 1.0, 3.0, 6.6, -20.7]
[53012.0, 39.4508226, -105.13283310000001, 1768.57, 1.0, 3.0, 6.6, -20.7]
[53013.0, 39.4508239, -105.1328333, 1768.57, 1.0, 3.0, 6.6, -20.7]
[53014.0, 39.450824600000004, -105.1328334, 1768.57, 1.0, 3.0, 6.6, -20.7]
[53015.0, 39.450824600000004, -105.1328334, 1768.57, 1.0, 3.0, 6.6, -20.7]
[53016.0, 39.4508248, -105.1328333, 1768.57, 1.0, 3.0, 6.6, -20.7]
[53017.0, 39.4508242, -105.13283310000001, 1768.57, 1.0, 3.0, 6.6, -20.7]
[53018.0, 39.4508252, -105.1328329, 1768.56, 1.0, 3.0, 6.6, -20.7]
[53019.0, 39.4508239, -105.1328327, 1768.56, 1.0, 3.0, 6.6, -20.7]
[53020.0, 39.450823, -105.1328322, 1768.55, 1.0, 3.0, 6.6, -20.7]
[53021.0, 39.4508226, -105.132832, 1768.55, 1.0, 3.0, 6.6, -20.7]
[53022.0, 39.450821999999995, -105.1328318, 1768.55, 1.0, 3.0, 6.6, -20.7]
[53023.0, 39.4508217, -105.13283170000001, 1768.55, 1.0, 3.0, 6.6, -20.7]
[53024.0, 39.4508219, -105.13283170000001, 1768.55, 1.0, 3.0, 6.6, -20.7]
[53025.0, 39.450821999999995, -105.1328318, 1768.55, 1.0, 3.0, 6.6, -20.7]
[53026.0, 39.450821999999995, -105.132832, 1768.55, 1.0, 3.0, 6.6, -20.7]
[53027.0, 39.4508221, -105.1328322, 1768.55, 1.0, 3.0, 6.6, -20.7]
[53028.0, 39.4508213, -105.13283240000001, 1768.55, 1.0, 3.0, 6.6, -20.7]
[53029.0, 39.450820199999995, -105.13283240000001, 1768.56, 1.0, 3.0, 6.6, -20.7]
[53030.0, 39.450820199999995, -105.1328327, 1768.56, 1.0, 3.0, 6.6, -20.7]
[53031.0, 39.4508188, -105.13283299999999, 1768.57, 1.0, 3.0, 6.6, -20.7]
[53032.0, 39.450818399999996, -105.13283320000001, 1768.57, 1.0, 3.0, 6.6, -20.7]
[53033.0, 39.450817699999995, -105.1328336, 1768.57, 1.0, 3.0, 6.6, -20.7]
[53034.0, 39.450816100000004, -105.13283390000001, 1768.58, 1.0, 3.0, 6.6, -20.7]
[53035.0, 39.4508149, -105.13283419999999, 1768.59, 1.0, 3.0, 6.6, -20.7]
[53036.0, 39.450813600000004, -105.1328344, 1768.59, 1.0, 3.0, 6.6, -20.7]
[53037.0, 39.450813, -105.1328347, 1768.6, 1.0, 3.0, 6.6, -20.7]
[53038.0, 39.4508126, -105.132835, 1768.6, 1.0, 3.0, 6.6, -20.7]
[53039.0, 39.4508121, -105.1328351, 1768.6, 1.0, 3.0, 6.6, -20.7]
[53040.0, 39.450812500000005, -105.13283530000001, 1768.61, 1.0, 3.0, 6.6, -20.7]
[53041.0, 39.4508129, -105.1328357, 1768.61, 1.0, 3.0, 6.6, -20.7]
[53042.0, 39.450813, -105.13283589999999, 1768.61, 1.0, 3.0, 6.6, -20.7]
[53043.0, 39.4508134, -105.13283589999999, 1768.62, 1.0, 3.0, 6.6, -20.7]
[53044.0, 39.4508137, -105.1328361, 1768.62, 1.0, 3.0, 6.6, -20.7]
[53045.0, 39.4508138, -105.1328363, 1768.62, 1.0, 3.0, 6.6, -20.7]
[53046.0, 39.450814300000005, -105.1328364, 1768.62, 1.0, 3.0, 6.6, -20.7]
[53047.0, 39.4508145, -105.1328363, 1768.62, 1.0, 3.0, 6.6, -20.7]
[53048.0, 39.4508146, -105.1328365, 1768.62, 1.0, 3.0, 6.5, -20.7]
[53049.0, 39.4508145, -105.13283659999999, 1768.63, 1.0, 3.0, 6.5, -20.7]
[53050.0, 39.450814, -105.13283659999999, 1768.63, 1.0, 3.0, 6.5, -20.7]
[53051.0, 39.4508135, -105.1328368, 1768.63, 1.0, 3.0, 6.5, -20.7]
[53052.0, 39.4508131, -105.1328371, 1768.63, 1.0, 3.0, 6.5, -20.7]
[53053.0, 39.450812500000005, -105.1328371, 1768.64, 1.0, 3.0, 6.5, -20.7]
[53054.0, 39.4508121, -105.13283740000001, 1768.64, 1.0, 3.0, 6.5, -20.7]
[53055.0, 39.4508121, -105.13283750000001, 1768.65, 1.0, 3.0, 6.5, -20.7]
[53056.0, 39.4508115, -105.1328378, 1768.65, 1.0, 3.0, 6.5, -20.7]
[53057.0, 39.4508114, -105.13283820000001, 1768.66, 1.0, 3.0, 6.5, -20.7]
[53058.0, 39.4508106, -105.1328384, 1768.67, 1.0, 3.0, 6.5, -20.7]
[53059.0, 39.4508096, -105.1328387, 1768.67, 1.0, 3.0, 6.5, -20.7]
[53100.0, 39.4508088, -105.13283890000001, 1768.68, 1.0, 3.0, 6.5, -20.7]
[53101.0, 39.4508095, -105.132839, 1768.68, 1.0, 3.0, 6.5, -20.7]
[53102.0, 39.4508091, -105.13283919999999, 1768.69, 1.0, 3.0, 6.5, -20.7]
[53103.0, 39.450809899999996, -105.13283960000001, 1768.69, 1.0, 3.0, 6.5, -20.7]
[53104.0, 39.4508098, -105.13284, 1768.7, 1.0, 3.0, 6.5, -20.7]
[53106.0, 39.4508108, -105.13284019999999, 1768.71, 1.0, 3.0, 6.5, -20.7]
[53108.0, 39.4508121, -105.1328407, 1768.72, 1.0, 3.0, 6.5, -20.7]
[53110.0, 39.450814300000005, -105.1328415, 1768.74, 1.0, 3.0, 6.5, -20.7]
[53112.0, 39.4507314, -105.1328363, 1765.87, 1.0, 4.0, 2.2, -20.7]
[53114.0, 39.4507037, -105.1328343, 1765.16, 1.0, 4.0, 2.2, -20.7]
[53116.0, 39.4507142, -105.13283489999999, 1765.73, 1.0, 4.0, 2.2, -20.7]
[53118.0, 39.450726599999996, -105.1328357, 1766.34, 1.0, 4.0, 2.2, -20.7]
[53120.0, 39.4507319, -105.1328361, 1766.71, 1.0, 4.0, 2.2, -20.7]
[53122.0, 39.4507355, -105.1328365, 1766.99, 1.0, 4.0, 2.2, -20.7]
[53124.0, 39.4507369, -105.1328361, 1767.19, 1.0, 4.0, 2.2, -20.7]
[53126.0, 39.450736400000004, -105.1328357, 1767.21, 1.0, 3.0, 6.5, -20.7]
[53128.0, 39.450735800000004, -105.1328357, 1767.28, 1.0, 3.0, 6.5, -20.7]
[53130.0, 39.4507353, -105.1328354, 1767.38, 1.0, 2.0, 6.5, -20.7]
[53132.0, 39.4507344, -105.13283559999999, 1767.55, 1.0, 2.0, 6.5, -20.7]
[53134.0, 39.450733799999995, -105.13283489999999, 1767.67, 1.0, 2.0, 6.5, -20.7]
[53136.0, 39.4507335, -105.132834, 1767.75, 1.0, 2.0, 6.5, -20.7]
[53138.0, 39.4507333, -105.13283299999999, 1767.8, 1.0, 2.0, 6.5, -20.7]
[53140.0, 39.449807, -105.1326902, 1767.23, 1.0, 3.0, 15.8, -20.7]
[53142.0, 39.449816500000004, -105.1326914, 1767.19, 1.0, 3.0, 6.4, -20.7]
[53144.0, 39.4498266, -105.1326974, 1767.11, 1.0, 3.0, 6.4, -20.7]
[53146.0, 39.449839700000005, -105.1327071, 1766.94, 1.0, 3.0, 6.4, -20.7]
[53148.0, 39.4501442, -105.1327343, 1765.51, 1.0, 4.0, 2.2, -20.7]
[53150.0, 39.4503171, -105.132753, 1765.2, 1.0, 4.0, 2.2, -20.7]
[53152.0, 39.4504091, -105.132765, 1763.63, 1.0, 4.0, 2.2, -20.7]
[53154.0, 39.4504582, -105.1327716, 1761.47, 1.0, 4.0, 2.2, -20.7]
[53156.0, 39.4504846, -105.13277620000001, 1759.5, 1.0, 4.0, 2.2, -20.7]
[53158.0, 39.450505400000004, -105.13278150000001, 1758.25, 1.0, 4.0, 2.2, -20.7]
[53200.0, 39.4505222, -105.1327882, 1756.63, 1.0, 4.0, 2.2, -20.7]
[53202.0, 39.4505316, -105.1327921, 1755.91, 1.0, 4.0, 2.2, -20.7]
[53204.0, 39.4505388, -105.1327952, 1755.54, 1.0, 4.0, 2.2, -20.7]
[53206.0, 39.450544300000004, -105.1327978, 1755.48, 1.0, 4.0, 2.2, -20.7]
[53208.0, 39.4505534, -105.1328001, 1755.43, 1.0, 4.0, 2.2, -20.7]
[53210.0, 39.4505708, -105.1328017, 1755.66, 1.0, 4.0, 2.2, -20.7]
[53212.0, 39.450587, -105.1328046, 1755.66, 1.0, 4.0, 2.2, -20.7]
[53214.0, 39.450600800000004, -105.1328087, 1755.59, 1.0, 4.0, 2.2, -20.7]
[53216.0, 39.4506078, -105.13281269999999, 1755.28, 1.0, 4.0, 2.2, -20.7]
[53218.0, 39.4506134, -105.1328156, 1755.12, 1.0, 4.0, 2.2, -20.7]
[53220.0, 39.4506168, -105.132819, 1754.8, 1.0, 4.0, 2.2, -20.7]
[53222.0, 39.4506193, -105.1328226, 1754.6, 1.0, 4.0, 2.2, -20.7]
[53224.0, 39.4506225, -105.132825, 1754.43, 1.0, 4.0, 2.2, -20.7]
[53226.0, 39.4506268, -105.1328268, 1754.17, 1.0, 4.0, 2.2, -20.7]
[53228.0, 39.4506316, -105.132828, 1754.14, 1.0, 4.0, 2.2, -20.7]
[53230.0, 39.450637, -105.13282869999999, 1754.29, 1.0, 4.0, 2.2, -20.7]
[53232.0, 39.4506418, -105.1328286, 1754.46, 1.0, 4.0, 2.2, -20.7]
[53234.0, 39.450643, -105.1328283, 1754.31, 1.0, 4.0, 2.2, -20.7]
[53236.0, 39.4506411, -105.13282769999999, 1754.11, 1.0, 4.0, 2.2, -20.7]
[53238.0, 39.450639, -105.13282670000001, 1753.8, 1.0, 4.0, 2.2, -20.7]
[53240.0, 39.4506377, -105.13282520000001, 1753.48, 1.0, 4.0, 2.2, -20.7]
[53242.0, 39.450634199999996, -105.13282339999999, 1753.45, 1.0, 4.0, 2.2, -20.7]
[53244.0, 39.450630000000004, -105.1328219, 1753.5, 1.0, 4.0, 2.2, -20.7]
[53246.0, 39.4506255, -105.1328198, 1753.57, 1.0, 4.0, 2.2, -20.7]
[53248.0, 39.4506217, -105.13281789999999, 1753.66, 1.0, 4.0, 2.2, -20.7]
[53250.0, 39.4506157, -105.1328154, 1753.65, 1.0, 4.0, 2.2, -20.7]
[53252.0, 39.4506093, -105.13281339999999, 1753.63, 1.0, 4.0, 2.2, -20.7]
[53254.0, 39.4506034, -105.1328122, 1753.37, 1.0, 4.0, 2.2, -20.7]
[53256.0, 39.4505986, -105.1328117, 1752.97, 1.0, 4.0, 2.2, -20.7]
[53258.0, 39.4505956, -105.132812, 1752.71, 1.0, 4.0, 2.2, -20.7]
[53300.0, 39.450594, -105.1328126, 1752.62, 1.0, 4.0, 2.2, -20.7]
[53302.0, 39.4505947, -105.13281429999999, 1752.73, 1.0, 4.0, 2.2, -20.7]
[53304.0, 39.4505966, -105.1328161, 1752.96, 1.0, 4.0, 2.2, -20.7]
[53306.0, 39.4505969, -105.13281699999999, 1753.05, 1.0, 3.0, 6.3, -20.7]
[53308.0, 39.4505967, -105.13281699999999, 1753.11, 1.0, 3.0, 6.3, -20.7]
[53310.0, 39.4505966, -105.1328167, 1753.2, 1.0, 3.0, 6.3, -20.7]
[53312.0, 39.450595899999996, -105.13281660000001, 1753.3, 1.0, 3.0, 6.3, -20.7]
[53314.0, 39.4505942, -105.1328169, 1753.4, 1.0, 3.0, 6.3, -20.7]
[53316.0, 39.450591800000005, -105.1328172, 1753.47, 1.0, 3.0, 6.3, -20.7]
[53318.0, 39.4505899, -105.13281789999999, 1753.53, 1.0, 3.0, 6.3, -20.7]
[53320.0, 39.450587399999996, -105.1328183, 1753.6, 1.0, 3.0, 6.3, -20.7]
[53322.0, 39.4505855, -105.1328183, 1753.65, 1.0, 3.0, 6.3, -20.7]
[53324.0, 39.4505845, -105.1328183, 1753.65, 1.0, 3.0, 6.3, -20.7]
[53326.0, 39.4505839, -105.13281789999999, 1753.65, 1.0, 3.0, 6.3, -20.7]
[53328.0, 39.4505833, -105.1328172, 1753.64, 1.0, 3.0, 6.3, -20.7]
[53330.0, 39.450583099999996, -105.1328158, 1753.64, 1.0, 3.0, 6.2, -20.7]
[53332.0, 39.4505841, -105.1328147, 1753.62, 1.0, 3.0, 6.2, -20.7]
[53334.0, 39.4505854, -105.1328142, 1753.61, 1.0, 3.0, 6.2, -20.7]
[53336.0, 39.4505861, -105.1328129, 1753.61, 1.0, 3.0, 6.2, -20.7]
[53338.0, 39.4505864, -105.1328111, 1753.63, 1.0, 3.0, 6.2, -20.7]
[53340.0, 39.450587399999996, -105.13280909999999, 1753.65, 1.0, 3.0, 6.2, -20.7]
[53342.0, 39.450589, -105.1328074, 1753.66, 1.0, 3.0, 6.2, -20.7]
[53344.0, 39.4505904, -105.1328065, 1753.67, 1.0, 3.0, 6.2, -20.7]
[53346.0, 39.4505925, -105.1328064, 1753.66, 1.0, 3.0, 6.2, -20.7]
[53348.0, 39.450592900000004, -105.1328075, 1753.67, 1.0, 3.0, 6.2, -20.7]
[53350.0, 39.4505909, -105.1328099, 1753.69, 1.0, 3.0, 6.2, -20.7]
[53352.0, 39.4505868, -105.1328124, 1753.73, 1.0, 3.0, 6.2, -20.7]
[53354.0, 39.4505812, -105.1328153, 1753.79, 1.0, 3.0, 6.2, -20.7]
[53356.0, 39.4505761, -105.1328183, 1753.85, 1.0, 3.0, 6.2, -20.7]
[53358.0, 39.4505718, -105.1328207, 1753.89, 1.0, 3.0, 6.2, -20.7]
[53400.0, 39.45057, -105.1328226, 1753.91, 1.0, 3.0, 6.2, -20.7]
[53402.0, 39.450568600000004, -105.13282450000001, 1753.92, 1.0, 3.0, 6.2, -20.7]
[53404.0, 39.4505653, -105.1328268, 1753.96, 1.0, 3.0, 6.2, -20.7]
[53406.0, 39.4505617, -105.13282880000001, 1754.0, 1.0, 3.0, 6.2, -20.7]
[53408.0, 39.4505594, -105.13283100000001, 1754.02, 1.0, 3.0, 6.2, -20.7]
[53410.0, 39.4505584, -105.13283310000001, 1754.04, 1.0, 3.0, 6.2, -20.7]
[53412.0, 39.4505577, -105.1328348, 1754.06, 1.0, 3.0, 6.2, -20.7]
[53414.0, 39.4505578, -105.13283740000001, 1754.07, 1.0, 3.0, 6.2, -20.7]
[53416.0, 39.4505562, -105.1328397, 1754.09, 1.0, 3.0, 6.2, -20.7]
[53418.0, 39.4505568, -105.1328421, 1754.1, 1.0, 3.0, 6.2, -20.7]
[53420.0, 39.4505564, -105.13284460000001, 1754.12, 1.0, 3.0, 6.2, -20.7]
[53422.0, 39.450559, -105.132848, 1754.13, 1.0, 3.0, 6.2, -20.7]
[53424.0, 39.450560700000004, -105.1328493, 1754.13, 1.0, 3.0, 6.2, -20.7]
[53426.0, 39.4505647, -105.1328508, 1754.12, 1.0, 3.0, 6.2, -20.7]
[53428.0, 39.4505672, -105.13285169999999, 1754.12, 1.0, 3.0, 6.1, -20.7]
[53430.0, 39.4505637, -105.13285169999999, 1754.14, 1.0, 3.0, 6.1, -20.7]
[53432.0, 39.4505577, -105.13285099999999, 1754.17, 1.0, 3.0, 6.1, -20.7]
[53434.0, 39.4505556, -105.1328501, 1754.18, 1.0, 3.0, 6.1, -20.7]
[53436.0, 39.450553799999994, -105.1328487, 1754.19, 1.0, 3.0, 6.1, -20.7]
[53438.0, 39.4505567, -105.1328477, 1754.18, 1.0, 3.0, 6.1, -20.7]
[53440.0, 39.4505619, -105.13284680000001, 1754.16, 1.0, 3.0, 6.1, -20.7]
[53442.0, 39.4505662, -105.1328458, 1754.15, 1.0, 3.0, 6.1, -20.7]
[53444.0, 39.4505733, -105.1328451, 1754.13, 1.0, 3.0, 6.1, -20.7]
[53446.0, 39.4505776, -105.132845, 1754.12, 1.0, 3.0, 6.1, -20.7]
[53448.0, 39.450581299999996, -105.1328447, 1754.12, 1.0, 3.0, 6.1, -20.7]
[53450.0, 39.4507858, -105.1328548, 1761.35, 1.0, 4.0, 2.1, -20.7]
[53452.0, 39.4508313, -105.13285599999999, 1763.04, 1.0, 4.0, 2.1, -20.7]
[53454.0, 39.4508431, -105.1328559, 1763.52, 1.0, 4.0, 2.1, -20.7]
[53456.0, 39.450846299999995, -105.1328556, 1763.6, 1.0, 4.0, 2.1, -20.7]
[53458.0, 39.4508479, -105.13285540000001, 1763.61, 1.0, 3.0, 6.1, -20.7]
[53500.0, 39.4508492, -105.1328558, 1763.61, 1.0, 3.0, 6.1, -20.7]
[53502.0, 39.4508496, -105.1328566, 1763.61, 1.0, 3.0, 6.1, -20.7]
[53504.0, 39.450850599999995, -105.1328584, 1763.62, 1.0, 3.0, 6.1, -20.7]
[53506.0, 39.4508494, -105.13286040000001, 1763.65, 1.0, 3.0, 6.1, -20.7]
[53508.0, 39.450848799999996, -105.1328627, 1763.68, 1.0, 3.0, 6.1, -20.7]
[53510.0, 39.450848799999996, -105.13286469999998, 1763.7, 1.0, 3.0, 6.1, -20.7]
[53512.0, 39.4508497, -105.1328667, 1763.69, 1.0, 3.0, 6.1, -20.7]
[53514.0, 39.450851, -105.1328681, 1763.69, 1.0, 3.0, 6.1, -20.7]
[53516.0, 39.4508517, -105.13286969999999, 1763.7, 1.0, 3.0, 6.1, -20.7]
[53518.0, 39.4508515, -105.13287150000001, 1763.73, 1.0, 3.0, 6.1, -20.7]
[53520.0, 39.4508497, -105.13287329999999, 1763.79, 1.0, 3.0, 6.1, -20.7]
[53522.0, 39.4508495, -105.1328745, 1763.81, 1.0, 3.0, 6.1, -20.7]
[53524.0, 39.450848900000004, -105.1328749, 1763.82, 1.0, 3.0, 6.1, -20.7]
[53526.0, 39.4508512, -105.13287539999999, 1763.79, 1.0, 3.0, 6.1, -20.7]
[53528.0, 39.4508529, -105.13287539999999, 1763.74, 1.0, 3.0, 6.1, -20.7]
[53530.0, 39.4508547, -105.1328753, 1763.7, 1.0, 3.0, 6.0, -20.7]
[53532.0, 39.4508572, -105.1328755, 1763.66, 1.0, 3.0, 6.0, -20.7]
[53534.0, 39.4508605, -105.1328764, 1763.62, 1.0, 3.0, 6.0, -20.7]
[53536.0, 39.4508612, -105.13287650000001, 1763.61, 1.0, 3.0, 6.0, -20.7]
[53538.0, 39.4508615, -105.1328762, 1763.6, 1.0, 3.0, 6.0, -20.7]
[53540.0, 39.4508619, -105.1328757, 1763.6, 1.0, 3.0, 6.0, -20.7]
[53542.0, 39.4508621, -105.1328753, 1763.58, 1.0, 3.0, 6.0, -20.7]
[53544.0, 39.4508638, -105.1328749, 1763.54, 1.0, 3.0, 6.0, -20.7]
[53546.0, 39.4508643, -105.1328744, 1763.52, 1.0, 3.0, 6.0, -20.7]
[53548.0, 39.4508655, -105.13287389999999, 1763.49, 1.0, 3.0, 6.0, -20.7]
[53550.0, 39.4508667, -105.1328736, 1763.46, 1.0, 3.0, 6.0, -20.7]
[53552.0, 39.450867699999996, -105.1328735, 1763.44, 1.0, 3.0, 6.0, -20.7]
[53554.0, 39.450868, -105.13287319999999, 1763.43, 1.0, 3.0, 6.0, -20.7]
[53556.0, 39.4508679, -105.1328731, 1763.42, 1.0, 3.0, 6.0, -20.7]
[53558.0, 39.450866, -105.13287259999998, 1763.46, 1.0, 3.0, 6.0, -20.7]
[53600.0, 39.4508639, -105.13287259999998, 1763.49, 1.0, 3.0, 6.0, -20.7]
[53602.0, 39.4508601, -105.13287179999999, 1763.55, 1.0, 3.0, 6.0, -20.7]
[53604.0, 39.450859300000005, -105.1328713, 1763.56, 1.0, 3.0, 6.0, -20.7]
[53606.0, 39.4508588, -105.132871, 1763.56, 1.0, 3.0, 6.0, -20.7]
[53608.0, 39.4508588, -105.1328706, 1763.55, 1.0, 3.0, 6.0, -20.7]
[53610.0, 39.4508599, -105.13287050000001, 1763.53, 1.0, 3.0, 6.0, -20.7]
[53612.0, 39.450860899999995, -105.13287, 1763.51, 1.0, 3.0, 6.0, -20.7]
[53614.0, 39.450860899999995, -105.1328694, 1763.49, 1.0, 3.0, 6.0, -20.7]
[53616.0, 39.45086, -105.1328687, 1763.5, 1.0, 3.0, 6.0, -20.7]
[53618.0, 39.4508587, -105.132868, 1763.51, 1.0, 3.0, 6.0, -20.7]
[53620.0, 39.450856800000004, -105.1328674, 1763.54, 1.0, 3.0, 6.0, -20.7]
[53622.0, 39.4508517, -105.1328664, 1763.6, 1.0, 3.0, 6.0, -20.7]
[53624.0, 39.4508467, -105.1328652, 1763.68, 1.0, 3.0, 6.0, -20.7]
[53626.0, 39.4508429, -105.1328645, 1763.73, 1.0, 3.0, 6.0, -20.7]
[53628.0, 39.450839099999996, -105.1328634, 1763.79, 1.0, 3.0, 6.0, -20.7]
[53630.0, 39.4508346, -105.132862, 1763.84, 1.0, 3.0, 6.0, -20.7]
[53632.0, 39.4508322, -105.1328613, 1763.87, 1.0, 3.0, 5.9, -20.7]
[53634.0, 39.4508299, -105.13286029999999, 1763.9, 1.0, 3.0, 5.9, -20.7]
[53636.0, 39.4508253, -105.13285900000001, 1763.95, 1.0, 3.0, 5.9, -20.7]
[53638.0, 39.450821, -105.1328579, 1764.0, 1.0, 3.0, 5.9, -20.7]
[53640.0, 39.450817699999995, -105.13285690000001, 1764.05, 1.0, 3.0, 5.9, -20.7]
[53642.0, 39.4508106, -105.1328545, 1764.14, 1.0, 3.0, 5.9, -20.7]
[53644.0, 39.450803, -105.13285239999999, 1764.23, 1.0, 3.0, 5.9, -20.7]
[53646.0, 39.4507986, -105.13285099999999, 1764.28, 1.0, 3.0, 5.9, -20.7]
[53648.0, 39.4507907, -105.13284879999999, 1764.38, 1.0, 3.0, 5.9, -20.7]
[53650.0, 39.450786, -105.13284739999999, 1764.43, 1.0, 3.0, 5.9, -20.7]
[53652.0, 39.450783099999995, -105.1328466, 1764.47, 1.0, 3.0, 5.9, -20.7]
[53654.0, 39.4507807, -105.13284589999999, 1764.5, 1.0, 3.0, 5.9, -20.7]
[53656.0, 39.4507776, -105.13284540000001, 1764.54, 1.0, 3.0, 5.9, -20.7]
[53658.0, 39.4507766, -105.13284519999999, 1764.55, 1.0, 3.0, 5.9, -20.7]
[53700.0, 39.450776, -105.132845, 1764.55, 1.0, 3.0, 5.9, -20.7]
[53702.0, 39.450775400000005, -105.1328448, 1764.56, 1.0, 3.0, 5.9, -20.7]
[53704.0, 39.450774700000004, -105.1328449, 1764.57, 1.0, 3.0, 5.9, -20.7]
[53706.0, 39.450773399999996, -105.13284460000001, 1764.59, 1.0, 3.0, 5.9, -20.7]
[53708.0, 39.4507724, -105.13284460000001, 1764.61, 1.0, 3.0, 5.9, -20.7]
[53710.0, 39.4507717, -105.13284449999999, 1764.61, 1.0, 3.0, 5.9, -20.7]
[53712.0, 39.4507719, -105.1328443, 1764.61, 1.0, 3.0, 5.9, -20.7]
[53714.0, 39.4507725, -105.1328442, 1764.59, 1.0, 3.0, 5.9, -20.7]
[53716.0, 39.4507741, -105.132844, 1764.57, 1.0, 3.0, 5.9, -20.7]
[53718.0, 39.4507751, -105.132844, 1764.55, 1.0, 3.0, 5.9, -20.7]
[53720.0, 39.4507759, -105.132844, 1764.54, 1.0, 3.0, 5.9, -20.7]
[53722.0, 39.4507769, -105.132844, 1764.53, 1.0, 3.0, 5.9, -20.7]
[53724.0, 39.450778, -105.13284449999999, 1764.51, 1.0, 3.0, 5.9, -20.7]
[53726.0, 39.4507792, -105.1328444, 1764.5, 1.0, 3.0, 5.9, -20.7]
[53728.0, 39.4507812, -105.1328444, 1764.47, 1.0, 3.0, 5.9, -20.7]
[53730.0, 39.450783099999995, -105.13284449999999, 1764.45, 1.0, 3.0, 5.9, -20.7]
[53732.0, 39.4507846, -105.13284460000001, 1764.42, 1.0, 3.0, 5.9, -20.7]
[53734.0, 39.4507867, -105.1328443, 1764.39, 1.0, 3.0, 5.9, -20.7]
[53736.0, 39.450788200000005, -105.132844, 1764.37, 1.0, 3.0, 5.8, -20.7]
[53738.0, 39.450789300000004, -105.13284390000001, 1764.34, 1.0, 3.0, 5.8, -20.7]
[53740.0, 39.450790000000005, -105.1328436, 1764.33, 1.0, 3.0, 5.8, -20.7]
[53742.0, 39.4507906, -105.13284309999999, 1764.32, 1.0, 3.0, 5.8, -20.7]
[53744.0, 39.4507908, -105.1328429, 1764.31, 1.0, 3.0, 5.8, -20.7]
[53746.0, 39.4507909, -105.1328427, 1764.31, 1.0, 3.0, 5.8, -20.7]
[53748.0, 39.450792, -105.1328427, 1764.3, 1.0, 3.0, 5.8, -20.7]
[53750.0, 39.450793, -105.1328427, 1764.28, 1.0, 3.0, 5.8, -20.7]
[53752.0, 39.450793600000004, -105.132843, 1764.28, 1.0, 3.0, 5.8, -20.7]
[53754.0, 39.4507948, -105.1328437, 1764.27, 1.0, 3.0, 5.8, -20.7]
[53756.0, 39.450797200000004, -105.13284460000001, 1764.26, 1.0, 3.0, 5.8, -20.7]
[53758.0, 39.4508005, -105.1328455, 1764.25, 1.0, 3.0, 5.8, -20.7]
[53800.0, 39.4508015, -105.1328463, 1764.24, 1.0, 3.0, 5.8, -20.7]
[53802.0, 39.4508033, -105.1328469, 1764.23, 1.0, 3.0, 5.8, -20.7]
[53804.0, 39.4508047, -105.13284709999999, 1764.21, 1.0, 3.0, 5.8, -20.7]
[53806.0, 39.4508061, -105.1328469, 1764.19, 1.0, 3.0, 5.8, -20.7]
[53808.0, 39.4508083, -105.13284680000001, 1764.16, 1.0, 3.0, 5.8, -20.7]
[53810.0, 39.4508104, -105.1328465, 1764.13, 1.0, 3.0, 5.8, -20.7]
[53812.0, 39.4508108, -105.1328462, 1764.11, 1.0, 3.0, 5.8, -20.7]
[53814.0, 39.4508098, -105.13284540000001, 1764.11, 1.0, 3.0, 5.8, -20.7]
[53816.0, 39.4508094, -105.1328449, 1764.1, 1.0, 3.0, 5.8, -20.7]
[53818.0, 39.4508093, -105.1328442, 1764.09, 1.0, 3.0, 5.8, -20.7]
[53820.0, 39.4508083, -105.1328433, 1764.09, 1.0, 3.0, 5.8, -20.7]
[53822.0, 39.4508068, -105.1328427, 1764.09, 1.0, 3.0, 5.8, -20.7]
[53824.0, 39.4508045, -105.13284170000001, 1764.11, 1.0, 3.0, 5.8, -20.7]
[53826.0, 39.4508012, -105.13284100000001, 1764.13, 1.0, 3.0, 5.8, -20.7]
[53828.0, 39.4507984, -105.13283960000001, 1764.14, 1.0, 3.0, 5.8, -20.7]
[53830.0, 39.4507955, -105.13283849999999, 1764.15, 1.0, 3.0, 5.8, -20.7]
[53832.0, 39.450791800000005, -105.13283740000001, 1764.17, 1.0, 3.0, 5.8, -20.7]
[53834.0, 39.4507878, -105.13283659999999, 1764.2, 1.0, 3.0, 5.8, -20.7]
[53836.0, 39.4507841, -105.13283659999999, 1764.24, 1.0, 3.0, 5.8, -20.7]
[53838.0, 39.4507802, -105.1328369, 1764.29, 1.0, 3.0, 5.8, -20.7]
[53840.0, 39.4507759, -105.1328371, 1764.35, 1.0, 3.0, 5.8, -20.7]
[53842.0, 39.450771, -105.13283750000001, 1764.41, 1.0, 3.0, 5.8, -20.7]
[53844.0, 39.450766800000004, -105.1328372, 1764.45, 1.0, 3.0, 5.7, -20.7]
[53846.0, 39.4507642, -105.1328369, 1764.47, 1.0, 3.0, 5.7, -20.7]
[53848.0, 39.450763, -105.132837, 1764.49, 1.0, 3.0, 5.7, -20.7]
[53850.0, 39.450761400000005, -105.132837, 1764.51, 1.0, 3.0, 5.7, -20.7]
[53852.0, 39.4507579, -105.13283659999999, 1764.53, 1.0, 3.0, 5.7, -20.7]
[53854.0, 39.4507538, -105.13283589999999, 1764.56, 1.0, 3.0, 5.7, -20.7]
[53856.0, 39.4507487, -105.13283489999999, 1764.6, 1.0, 3.0, 5.7, -20.7]
[53858.0, 39.4507418, -105.1328334, 1764.64, 1.0, 3.0, 5.7, -20.7]
[53900.0, 39.450733, -105.1328318, 1764.69, 1.0, 3.0, 5.7, -20.7]
[53902.0, 39.4507267, -105.13283030000001, 1764.73, 1.0, 3.0, 5.7, -20.7]
[53904.0, 39.4507189, -105.13282880000001, 1764.78, 1.0, 3.0, 5.7, -20.7]
[53906.0, 39.4507116, -105.13282740000001, 1764.81, 1.0, 3.0, 5.7, -20.7]
[53908.0, 39.4507048, -105.1328261, 1764.85, 1.0, 3.0, 5.7, -20.7]
[53910.0, 39.4506997, -105.1328247, 1764.87, 1.0, 3.0, 5.7, -20.7]
[53912.0, 39.4506963, -105.1328235, 1764.87, 1.0, 3.0, 5.7, -20.7]
[53914.0, 39.4506937, -105.1328226, 1764.87, 1.0, 3.0, 5.7, -20.7]
[53916.0, 39.4506917, -105.13282199999999, 1764.87, 1.0, 3.0, 5.7, -20.7]
[53918.0, 39.4506901, -105.13282149999999, 1764.88, 1.0, 3.0, 5.7, -20.7]
[53920.0, 39.4506881, -105.132821, 1764.89, 1.0, 3.0, 5.7, -20.7]
[53922.0, 39.450686, -105.1328206, 1764.9, 1.0, 3.0, 5.7, -20.7]
[53924.0, 39.4506841, -105.13282020000001, 1764.9, 1.0, 3.0, 5.7, -20.7]
[53926.0, 39.4506837, -105.1328201, 1764.91, 1.0, 3.0, 5.7, -20.7]
[53928.0, 39.4506827, -105.1328198, 1764.91, 1.0, 3.0, 5.7, -20.7]
[53930.0, 39.4506813, -105.13281950000001, 1764.92, 1.0, 3.0, 5.7, -20.7]
[53932.0, 39.4506797, -105.13281909999999, 1764.93, 1.0, 3.0, 5.7, -20.7]
[53934.0, 39.450677500000005, -105.1328186, 1764.94, 1.0, 3.0, 5.7, -20.7]
[53936.0, 39.4506735, -105.1328182, 1764.96, 1.0, 3.0, 5.7, -20.7]
[53938.0, 39.4506698, -105.1328176, 1764.98, 1.0, 3.0, 5.7, -20.7]
[53940.0, 39.4506679, -105.1328171, 1764.99, 1.0, 3.0, 5.7, -20.7]
[53942.0, 39.4506657, -105.13281660000001, 1764.99, 1.0, 3.0, 5.7, -20.7]
[53944.0, 39.4506639, -105.132816, 1764.98, 1.0, 3.0, 5.7, -20.7]
[53946.0, 39.4506635, -105.13281520000001, 1764.97, 1.0, 3.0, 5.7, -20.7]
[53948.0, 39.4506619, -105.1328142, 1764.95, 1.0, 3.0, 5.7, -20.7]
[53950.0, 39.45066, -105.13281339999999, 1764.94, 1.0, 3.0, 5.7, -20.7]
[53952.0, 39.4506574, -105.1328122, 1764.93, 1.0, 3.0, 5.7, -20.7]
[53954.0, 39.4506556, -105.1328114, 1764.93, 1.0, 3.0, 5.7, -20.7]
[53956.0, 39.4506539, -105.1328111, 1764.93, 1.0, 3.0, 5.6, -20.7]
[53958.0, 39.4506518, -105.1328108, 1764.94, 1.0, 3.0, 5.6, -20.7]
[54000.0, 39.4506496, -105.1328108, 1764.95, 1.0, 3.0, 5.6, -20.7]
[54002.0, 39.4506468, -105.13281090000001, 1764.97, 1.0, 3.0, 5.6, -20.7]
[54004.0, 39.450646, -105.13281070000001, 1764.98, 1.0, 3.0, 5.6, -20.7]
[54006.0, 39.450644600000004, -105.132811, 1764.99, 1.0, 3.0, 5.6, -20.7]
[54008.0, 39.4506434, -105.13281160000001, 1765.01, 1.0, 3.0, 5.6, -20.7]
[54010.0, 39.450643, -105.1328122, 1765.04, 1.0, 3.0, 5.6, -20.7]
[54012.0, 39.4506423, -105.1328128, 1765.06, 1.0, 3.0, 5.6, -20.7]
[54014.0, 39.4506418, -105.1328132, 1765.07, 1.0, 3.0, 5.6, -20.7]
[54016.0, 39.4506411, -105.1328136, 1765.09, 1.0, 3.0, 5.6, -20.7]
[54018.0, 39.4506395, -105.1328137, 1765.1, 1.0, 3.0, 5.6, -20.7]
[54020.0, 39.4506382, -105.132814, 1765.12, 1.0, 3.0, 5.6, -20.7]
[54022.0, 39.450638, -105.13281429999999, 1765.13, 1.0, 3.0, 5.6, -20.7]
[54024.0, 39.450636800000005, -105.13281429999999, 1765.13, 1.0, 3.0, 5.6, -20.7]
[54026.0, 39.4506367, -105.1328142, 1765.13, 1.0, 3.0, 5.6, -20.7]
[54028.0, 39.4506367, -105.13281409999999, 1765.13, 1.0, 3.0, 5.6, -20.7]
[54030.0, 39.450636, -105.1328139, 1765.13, 1.0, 3.0, 5.6, -20.7]
[54032.0, 39.4506356, -105.13281409999999, 1765.13, 1.0, 3.0, 5.6, -20.7]
[54034.0, 39.450634799999996, -105.132814, 1765.14, 1.0, 3.0, 5.6, -20.7]
[54036.0, 39.4506338, -105.1328136, 1765.14, 1.0, 3.0, 5.6, -20.7]
[54038.0, 39.4506331, -105.13281339999999, 1765.14, 1.0, 3.0, 5.6, -20.7]
[54040.0, 39.4506327, -105.13281339999999, 1765.14, 1.0, 3.0, 5.6, -20.7]
[54042.0, 39.4506329, -105.1328133, 1765.14, 1.0, 3.0, 5.6, -20.7]
[54044.0, 39.4506334, -105.13281339999999, 1765.14, 1.0, 3.0, 5.6, -20.7]
[54046.0, 39.4506327, -105.1328133, 1765.14, 1.0, 3.0, 5.6, -20.7]
[54048.0, 39.450632, -105.1328133, 1765.14, 1.0, 3.0, 5.6, -20.7]
[54050.0, 39.4506305, -105.1328128, 1765.14, 1.0, 3.0, 5.6, -20.7]
[54052.0, 39.4506292, -105.132813, 1765.14, 1.0, 3.0, 5.6, -20.7]
[54054.0, 39.4506277, -105.13281269999999, 1765.14, 1.0, 3.0, 5.6, -20.7]
[54056.0, 39.4506259, -105.132812, 1765.14, 1.0, 3.0, 5.6, -20.7]
[54058.0, 39.450623799999995, -105.13281160000001, 1765.14, 1.0, 3.0, 5.6, -20.7]
[54100.0, 39.4506217, -105.13281090000001, 1765.14, 1.0, 3.0, 5.6, -20.7]
[54102.0, 39.45062, -105.13281049999999, 1765.14, 1.0, 3.0, 5.6, -20.7]
[54104.0, 39.4506189, -105.13281049999999, 1765.14, 1.0, 3.0, 5.6, -20.7]
[54106.0, 39.4506189, -105.1328104, 1765.14, 1.0, 3.0, 5.6, -20.7]
[54108.0, 39.450619499999995, -105.1328104, 1765.14, 1.0, 3.0, 5.5, -20.7]
[54110.0, 39.4506206, -105.1328103, 1765.13, 1.0, 3.0, 5.5, -20.7]
[54112.0, 39.4506225, -105.1328108, 1765.13, 1.0, 3.0, 5.5, -20.7]
[54114.0, 39.4506243, -105.13281090000001, 1765.13, 1.0, 3.0, 5.5, -20.7]
[54116.0, 39.4506253, -105.132811, 1765.12, 1.0, 3.0, 5.5, -20.7]
[54118.0, 39.450626, -105.13281090000001, 1765.12, 1.0, 3.0, 5.5, -20.7]
[54120.0, 39.4506266, -105.132811, 1765.12, 1.0, 3.0, 5.5, -20.7]
[54122.0, 39.4506271, -105.13281070000001, 1765.12, 1.0, 3.0, 5.5, -20.7]
[54124.0, 39.4506271, -105.13281070000001, 1765.12, 1.0, 3.0, 5.5, -20.7]
[54126.0, 39.4506273, -105.1328108, 1765.12, 1.0, 3.0, 5.5, -20.7]
[54128.0, 39.4506273, -105.1328108, 1765.12, 1.0, 3.0, 5.5, -20.7]
[54130.0, 39.4506274, -105.1328106, 1765.12, 1.0, 3.0, 5.5, -20.7]
[54132.0, 39.4506272, -105.1328103, 1765.11, 1.0, 3.0, 5.5, -20.7]
[54134.0, 39.4506272, -105.1328101, 1765.11, 1.0, 3.0, 5.5, -20.7]
[54136.0, 39.4506274, -105.1328101, 1765.1, 1.0, 3.0, 5.5, -20.7]
[54138.0, 39.4506279, -105.13281, 1765.1, 1.0, 3.0, 5.5, -20.7]
[54140.0, 39.450628, -105.1328099, 1765.1, 1.0, 3.0, 5.5, -20.7]
[54142.0, 39.4506287, -105.1328104, 1765.11, 1.0, 3.0, 5.5, -20.7]
[54144.0, 39.4506288, -105.1328108, 1765.12, 1.0, 3.0, 5.5, -20.7]
[54146.0, 39.450629, -105.1328114, 1765.14, 1.0, 3.0, 5.5, -20.7]
[54148.0, 39.4506289, -105.1328122, 1765.16, 1.0, 3.0, 5.5, -20.7]
[54150.0, 39.4506286, -105.1328126, 1765.17, 1.0, 3.0, 5.5, -20.7]
[54152.0, 39.4506288, -105.132813, 1765.19, 1.0, 3.0, 5.5, -20.7]
[54154.0, 39.4506292, -105.1328136, 1765.2, 1.0, 3.0, 5.5, -20.7]
[54156.0, 39.4506297, -105.1328139, 1765.21, 1.0, 3.0, 5.5, -20.7]
[54158.0, 39.4506303, -105.1328142, 1765.22, 1.0, 3.0, 5.5, -20.7]
[54200.0, 39.4506308, -105.1328147, 1765.23, 1.0, 3.0, 5.5, -20.7]
[54202.0, 39.4506314, -105.1328149, 1765.23, 1.0, 3.0, 5.5, -20.7]
[54204.0, 39.4506326, -105.13281520000001, 1765.24, 1.0, 3.0, 5.5, -20.7]
[54206.0, 39.4506335, -105.13281520000001, 1765.24, 1.0, 3.0, 5.5, -20.7]
[54208.0, 39.4506349, -105.1328153, 1765.24, 1.0, 3.0, 5.5, -20.7]
[54210.0, 39.450637, -105.1328154, 1765.24, 1.0, 3.0, 5.5, -20.7]
[54212.0, 39.450639, -105.1328158, 1765.24, 1.0, 3.0, 5.5, -20.7]
[54214.0, 39.450640899999996, -105.1328157, 1765.24, 1.0, 3.0, 5.5, -20.7]
[54216.0, 39.4506435, -105.132816, 1765.24, 1.0, 3.0, 5.5, -20.7]
[54218.0, 39.4506448, -105.1328162, 1765.24, 1.0, 3.0, 5.5, -20.7]
[54220.0, 39.450646299999995, -105.1328163, 1765.24, 1.0, 3.0, 5.5, -20.7]
[54222.0, 39.4506479, -105.1328167, 1765.25, 1.0, 3.0, 5.5, -20.7]
[54224.0, 39.4506485, -105.1328167, 1765.25, 1.0, 3.0, 5.5, -20.7]
[54226.0, 39.4506485, -105.1328169, 1765.26, 1.0, 3.0, 5.4, -20.7]
[54228.0, 39.4506479, -105.1328169, 1765.27, 1.0, 3.0, 5.4, -20.7]
[54230.0, 39.4506462, -105.1328167, 1765.27, 1.0, 3.0, 5.4, -20.7]
[54232.0, 39.4506447, -105.1328165, 1765.27, 1.0, 3.0, 5.4, -20.7]
[54234.0, 39.4506433, -105.1328162, 1765.27, 1.0, 3.0, 5.4, -20.7]
[54236.0, 39.4506424, -105.132816, 1765.27, 1.0, 3.0, 5.4, -20.7]
[54238.0, 39.4506418, -105.1328158, 1765.27, 1.0, 3.0, 5.4, -20.7]
[54240.0, 39.4506408, -105.1328156, 1765.27, 1.0, 3.0, 5.4, -20.7]
[54242.0, 39.4506382, -105.13281520000001, 1765.26, 1.0, 3.0, 5.4, -20.7]
[54244.0, 39.4506352, -105.1328146, 1765.25, 1.0, 3.0, 5.4, -20.7]
[54246.0, 39.4506311, -105.1328139, 1765.24, 1.0, 3.0, 5.4, -20.7]
[54248.0, 39.4506262, -105.132813, 1765.23, 1.0, 3.0, 5.4, -20.7]
[54250.0, 39.450621999999996, -105.13281269999999, 1765.23, 1.0, 3.0, 5.4, -20.7]
[54252.0, 39.450618399999996, -105.1328124, 1765.23, 1.0, 3.0, 5.4, -20.7]
[54254.0, 39.450615, -105.1328121, 1765.23, 1.0, 3.0, 5.4, -20.7]
[54256.0, 39.4506103, -105.13281160000001, 1765.22, 1.0, 3.0, 5.4, -20.7]
[54258.0, 39.4506078, -105.1328114, 1765.22, 1.0, 3.0, 5.4, -20.7]
[54300.0, 39.4506052, -105.1328111, 1765.22, 1.0, 3.0, 5.4, -20.7]
[54302.0, 39.4506041, -105.13281119999999, 1765.21, 1.0, 3.0, 5.4, -20.7]
[54304.0, 39.4506032, -105.1328111, 1765.21, 1.0, 3.0, 5.4, -20.7]
[54306.0, 39.4506022, -105.1328113, 1765.21, 1.0, 3.0, 5.4, -20.7]
[54308.0, 39.4506018, -105.13281160000001, 1765.22, 1.0, 3.0, 5.4, -20.7]
[54310.0, 39.4506023, -105.132812, 1765.22, 1.0, 3.0, 5.4, -20.7]
[54312.0, 39.450601999999996, -105.13281230000001, 1765.23, 1.0, 3.0, 5.4, -20.7]
[54314.0, 39.4506022, -105.13281269999999, 1765.23, 1.0, 3.0, 5.4, -20.7]
[54316.0, 39.4506011, -105.1328125, 1765.23, 1.0, 3.0, 5.4, -20.7]
[54318.0, 39.4505999, -105.13281269999999, 1765.23, 1.0, 3.0, 5.4, -20.7]
[54320.0, 39.450598, -105.1328125, 1765.22, 1.0, 3.0, 5.4, -20.7]
[54322.0, 39.4505964, -105.13281230000001, 1765.22, 1.0, 3.0, 5.4, -20.7]
[54324.0, 39.4505942, -105.1328121, 1765.22, 1.0, 3.0, 5.4, -20.7]
[54326.0, 39.450592, -105.1328119, 1765.23, 1.0, 3.0, 5.4, -20.7]
[54328.0, 39.4505904, -105.13281160000001, 1765.22, 1.0, 3.0, 5.4, -20.7]
[54330.0, 39.4505895, -105.1328113, 1765.21, 1.0, 3.0, 5.4, -20.7]
[54332.0, 39.4505901, -105.1328113, 1765.21, 1.0, 3.0, 5.4, -20.7]
[54334.0, 39.4505927, -105.1328118, 1765.22, 1.0, 3.0, 5.4, -20.7]
[54336.0, 39.4505956, -105.132812, 1765.23, 1.0, 3.0, 5.4, -20.7]
[54338.0, 39.4505989, -105.1328133, 1765.25, 1.0, 3.0, 5.4, -20.7]
[54340.0, 39.4506017, -105.1328139, 1765.27, 1.0, 3.0, 5.4, -20.7]
[54342.0, 39.4506034, -105.132814, 1765.27, 1.0, 3.0, 5.4, -20.7]
[54344.0, 39.4506054, -105.1328146, 1765.29, 1.0, 3.0, 5.4, -20.7]
[54346.0, 39.4506073, -105.1328151, 1765.3, 1.0, 3.0, 5.3, -20.7]
[54348.0, 39.4506092, -105.1328156, 1765.32, 1.0, 3.0, 5.3, -20.7]
[54350.0, 39.4506106, -105.1328161, 1765.34, 1.0, 3.0, 5.3, -20.7]
[54352.0, 39.4506114, -105.1328165, 1765.34, 1.0, 3.0, 5.3, -20.7]
[54354.0, 39.4506112, -105.1328165, 1765.34, 1.0, 3.0, 5.3, -20.7]
[54356.0, 39.4506116, -105.1328169, 1765.35, 1.0, 3.0, 5.3, -20.7]
[54358.0, 39.450612500000005, -105.13281769999999, 1765.37, 1.0, 3.0, 5.3, -20.7]
[54400.0, 39.4506126, -105.132818, 1765.38, 1.0, 3.0, 5.3, -20.7]
[54402.0, 39.4506113, -105.13281839999999, 1765.39, 1.0, 3.0, 5.3, -20.7]
[54404.0, 39.4506101, -105.132819, 1765.41, 1.0, 3.0, 5.3, -20.7]
[54406.0, 39.4506088, -105.13281880000001, 1765.42, 1.0, 3.0, 5.3, -20.7]
[54408.0, 39.4506077, -105.1328193, 1765.42, 1.0, 3.0, 5.3, -20.7]
[54410.0, 39.4506079, -105.13281950000001, 1765.42, 1.0, 3.0, 5.3, -20.7]
[54412.0, 39.4506081, -105.1328193, 1765.42, 1.0, 3.0, 5.3, -20.7]
[54414.0, 39.4506087, -105.1328197, 1765.42, 1.0, 3.0, 5.3, -20.7]
[54416.0, 39.4506084, -105.1328196, 1765.41, 1.0, 3.0, 5.3, -20.7]
[54418.0, 39.450607500000004, -105.1328194, 1765.41, 1.0, 3.0, 5.3, -20.7]
[54420.0, 39.4506068, -105.1328198, 1765.41, 1.0, 3.0, 5.3, -20.7]
[54422.0, 39.450606, -105.1328201, 1765.42, 1.0, 3.0, 5.3, -20.7]
[54424.0, 39.4506051, -105.1328199, 1765.42, 1.0, 3.0, 5.3, -20.7]
[54426.0, 39.4506044, -105.13282020000001, 1765.43, 1.0, 3.0, 5.3, -20.7]
[54428.0, 39.4506034, -105.1328203, 1765.44, 1.0, 3.0, 5.3, -20.7]
[54430.0, 39.4506015, -105.13282, 1765.43, 1.0, 3.0, 5.3, -20.7]
[54432.0, 39.450598799999995, -105.1328194, 1765.42, 1.0, 3.0, 5.3, -20.7]
[54434.0, 39.450595899999996, -105.1328187, 1765.4, 1.0, 3.0, 5.3, -20.7]
[54436.0, 39.4505937, -105.1328182, 1765.39, 1.0, 3.0, 5.3, -20.7]
[54438.0, 39.450591599999996, -105.13281740000001, 1765.38, 1.0, 3.0, 5.3, -20.7]
[54440.0, 39.4505899, -105.1328172, 1765.38, 1.0, 3.0, 5.3, -20.7]
[54442.0, 39.4505889, -105.1328172, 1765.38, 1.0, 3.0, 5.3, -20.7]
[54444.0, 39.450587500000005, -105.1328169, 1765.38, 1.0, 3.0, 5.3, -20.7]
[54446.0, 39.450585700000005, -105.1328169, 1765.39, 1.0, 3.0, 5.3, -20.7]
[54448.0, 39.4505844, -105.13281789999999, 1765.41, 1.0, 3.0, 5.3, -20.7]
[54450.0, 39.4505833, -105.1328183, 1765.43, 1.0, 3.0, 5.3, -20.7]
[54452.0, 39.4505827, -105.13281839999999, 1765.45, 1.0, 3.0, 5.3, -20.7]
[54454.0, 39.4505826, -105.13281950000001, 1765.46, 1.0, 3.0, 5.3, -20.7]
[54456.0, 39.4505824, -105.1328199, 1765.48, 1.0, 3.0, 5.3, -20.7]
[54458.0, 39.450583, -105.13282, 1765.49, 1.0, 3.0, 5.3, -20.7]
[54500.0, 39.4505836, -105.132821, 1765.51, 1.0, 3.0, 5.3, -20.7]
[54502.0, 39.4505839, -105.1328216, 1765.52, 1.0, 3.0, 5.3, -20.7]
[54504.0, 39.450589799999996, -105.13282219999999, 1765.83, 1.0, 4.0, 7.6, -20.7]
[54506.0, 39.4505998, -105.132823, 1766.33, 1.0, 4.0, 7.6, -20.7]
[54508.0, 39.4506037, -105.1328239, 1766.4, 1.0, 3.0, 31.1, -20.7]
[54510.0, 39.4506077, -105.1328243, 1766.5, 1.0, 3.0, 31.0, -20.7]
[54512.0, 39.4506116, -105.1328249, 1766.61, 1.0, 3.0, 30.8, -20.7]
[54514.0, 39.4506151, -105.13282530000001, 1766.72, 1.0, 3.0, 30.6, -20.7]
[54516.0, 39.4506182, -105.1328255, 1766.83, 1.0, 3.0, 30.5, -20.7]
[54518.0, 39.450621500000004, -105.1328262, 1766.94, 1.0, 3.0, 30.3, -20.7]
[54520.0, 39.450623900000004, -105.1328265, 1767.02, 1.0, 3.0, 30.2, -20.7]
[54522.0, 39.450626299999996, -105.1328266, 1767.1, 1.0, 3.0, 30.0, -20.7]
[54524.0, 39.4506289, -105.1328272, 1767.17, 1.0, 3.0, 29.9, -20.7]
[54526.0, 39.450632500000005, -105.1328276, 1767.29, 1.0, 3.0, 29.7, -20.7]
[54528.0, 39.4506373, -105.1328286, 1767.43, 1.0, 3.0, 29.6, -20.7]
[54530.0, 39.4506426, -105.1328291, 1767.6, 1.0, 3.0, 29.4, -20.7]
[54532.0, 39.4506487, -105.13283009999999, 1767.77, 1.0, 3.0, 29.3, -20.7]
[54534.0, 39.4506538, -105.1328312, 1767.9, 1.0, 3.0, 29.1, -20.7]
[54536.0, 39.4506588, -105.132832, 1768.01, 1.0, 3.0, 29.0, -20.7]
[54538.0, 39.4506635, -105.1328329, 1768.13, 1.0, 3.0, 28.8, -20.7]
[54540.0, 39.450667100000004, -105.1328335, 1768.23, 1.0, 3.0, 28.7, -20.7]
[54542.0, 39.4506704, -105.1328343, 1768.32, 1.0, 3.0, 28.5, -20.7]
[54544.0, 39.4506722, -105.1328347, 1768.37, 1.0, 3.0, 28.4, -20.7]
[54546.0, 39.4506729, -105.132835, 1768.35, 1.0, 3.0, 28.3, -20.7]
[54548.0, 39.4506727, -105.13283530000001, 1768.28, 1.0, 3.0, 28.1, -20.7]
[54550.0, 39.450672, -105.1328355, 1768.19, 1.0, 3.0, 28.0, -20.7]
[54552.0, 39.4506709, -105.1328357, 1768.11, 1.0, 3.0, 27.8, -20.7]
[54554.0, 39.4506702, -105.13283589999999, 1768.05, 1.0, 3.0, 27.7, -20.7]
[54556.0, 39.4506669, -105.1328371, 1767.87, 1.0, 4.0, 8.0, -20.7]
[54558.0, 39.450664499999995, -105.1328386, 1767.77, 1.0, 4.0, 8.0, -20.7]
[54600.0, 39.4506643, -105.13284, 1767.82, 1.0, 4.0, 8.0, -20.7]
[54602.0, 39.4506655, -105.13284159999999, 1767.98, 1.0, 4.0, 8.0, -20.7]
[54604.0, 39.4506675, -105.1328433, 1768.18, 1.0, 4.0, 8.0, -20.7]
[54606.0, 39.4506708, -105.13284519999999, 1768.41, 1.0, 4.0, 8.1, -20.7]
[54608.0, 39.4506744, -105.1328472, 1768.64, 1.0, 4.0, 8.1, -20.7]
[54610.0, 39.4506787, -105.13284949999999, 1768.87, 1.0, 4.0, 8.1, -20.7]
[54612.0, 39.4506827, -105.13285139999999, 1769.05, 1.0, 4.0, 8.1, -20.7]
[54614.0, 39.450684700000004, -105.1328534, 1769.08, 1.0, 4.0, 8.1, -20.7]
[54616.0, 39.4506875, -105.1328557, 1769.1, 1.0, 4.0, 8.1, -20.7]
[54618.0, 39.4506906, -105.13285760000001, 1769.17, 1.0, 4.0, 8.2, -20.7]
[54620.0, 39.450694, -105.1328592, 1769.25, 1.0, 4.0, 8.2, -20.7]
[54622.0, 39.450696, -105.1328602, 1769.32, 1.0, 4.0, 8.2, -20.7]
[54624.0, 39.4506988, -105.1328608, 1769.46, 1.0, 4.0, 8.2, -20.7]
[54626.0, 39.4507013, -105.1328616, 1769.64, 1.0, 4.0, 8.2, -20.7]
[54628.0, 39.4507033, -105.1328622, 1769.75, 1.0, 4.0, 8.2, -20.7]
[54630.0, 39.4507048, -105.1328623, 1769.81, 1.0, 4.0, 8.3, -20.7]
[54632.0, 39.4507058, -105.13286260000001, 1769.82, 1.0, 4.0, 8.3, -20.7]
[54634.0, 39.4507062, -105.13286319999999, 1769.73, 1.0, 4.0, 8.3, -20.7]
[54636.0, 39.450706, -105.13286360000001, 1769.57, 1.0, 4.0, 8.3, -20.7]
[54638.0, 39.4507065, -105.13286360000001, 1769.42, 1.0, 4.0, 8.3, -20.7]
[54640.0, 39.450707200000004, -105.1328638, 1769.3, 1.0, 4.0, 8.3, -20.7]
[54642.0, 39.4507076, -105.13286389999999, 1769.2, 1.0, 4.0, 8.4, -20.7]
[54644.0, 39.450707900000005, -105.1328642, 1769.12, 1.0, 4.0, 8.4, -20.7]
[54646.0, 39.4507087, -105.1328642, 1769.11, 1.0, 4.0, 8.4, -20.7]
[54648.0, 39.4507101, -105.1328644, 1769.16, 1.0, 4.0, 8.4, -20.7]
[54650.0, 39.450711999999996, -105.13286459999999, 1769.23, 1.0, 4.0, 8.4, -20.7]
[54652.0, 39.4507149, -105.13286480000001, 1769.36, 1.0, 4.0, 8.5, -20.7]
[54654.0, 39.4507193, -105.1328652, 1769.55, 1.0, 4.0, 8.5, -20.7]
[54656.0, 39.450722999999996, -105.1328656, 1769.69, 1.0, 4.0, 8.5, -20.7]
[54658.0, 39.4507262, -105.13286539999999, 1769.82, 1.0, 4.0, 8.5, -20.7]
[54700.0, 39.4507287, -105.1328651, 1769.9, 1.0, 4.0, 8.5, -20.7]
[54702.0, 39.4507313, -105.1328642, 1769.95, 1.0, 4.0, 8.6, -20.7]
[54704.0, 39.4507353, -105.13286319999999, 1770.05, 1.0, 4.0, 8.6, -20.7]
[54706.0, 39.450739, -105.1328621, 1770.12, 1.0, 4.0, 8.6, -20.7]
[54708.0, 39.4507435, -105.1328605, 1770.2, 1.0, 4.0, 8.6, -20.7]
[54710.0, 39.450747299999996, -105.1328593, 1770.27, 1.0, 4.0, 8.6, -20.7]
[54712.0, 39.4507496, -105.13285819999999, 1770.32, 1.0, 4.0, 8.6, -20.7]
[54714.0, 39.4507515, -105.1328572, 1770.33, 1.0, 4.0, 8.7, -20.7]
[54716.0, 39.450752800000004, -105.1328564, 1770.31, 1.0, 4.0, 8.7, -20.7]
[54718.0, 39.450753, -105.1328558, 1770.28, 1.0, 4.0, 8.7, -20.7]
[54720.0, 39.450753399999996, -105.1328556, 1770.25, 1.0, 4.0, 8.7, -20.7]
[54722.0, 39.4507533, -105.13285529999999, 1770.24, 1.0, 3.0, 5.1, -20.7]
[54724.0, 39.4507525, -105.1328551, 1770.25, 1.0, 3.0, 5.1, -20.7]
[54726.0, 39.4507515, -105.13285459999999, 1770.26, 1.0, 3.0, 5.1, -20.7]
[54728.0, 39.4507503, -105.1328542, 1770.28, 1.0, 3.0, 5.1, -20.7]
[54730.0, 39.4507488, -105.1328536, 1770.31, 1.0, 3.0, 5.1, -20.7]
[54732.0, 39.450747, -105.1328529, 1770.33, 1.0, 3.0, 5.1, -20.7]
[54734.0, 39.4507456, -105.13285239999999, 1770.36, 1.0, 3.0, 5.1, -20.7]
[54736.0, 39.4507431, -105.1328513, 1770.38, 1.0, 3.0, 5.1, -20.7]
[54738.0, 39.450740700000004, -105.13285040000001, 1770.41, 1.0, 3.0, 5.1, -20.7]
[54740.0, 39.450738, -105.13284960000001, 1770.44, 1.0, 3.0, 5.1, -20.7]
[54742.0, 39.4507359, -105.1328494, 1770.47, 1.0, 3.0, 5.1, -20.7]
